10100000001111100000000000000101
00100000010000011111000000000000
00100000100000011111000000000000
00100000110000011111000000000000
10110001000001100000000000000001
10100001011111100000000000000001
01110100000001100101000000001001
01110100010010000101000000000100
00100000010000100010000000000000
00110001000010000101000000000000
01101100100000000000000000000111
00110000110001100101000000000000
00110001000001100101000000000000
00100000100000110101000000000000
01101100110000000000000000000110
01101101000000000001000000001111
